(kicad_pcb (version 20171130) (host pcbnew "(5.1.9)-1")

  (general
    (thickness 1.6)
    (drawings 10)
    (tracks 3060)
    (zones 0)
    (modules 363)
    (nets 286)
  )

  (page A4)
  (layers
    (0 F.Cu signal)
    (1 In1.Cu mixed)
    (2 In2.Cu power)
    (31 B.Cu signal)
    (32 B.Adhes user)
    (33 F.Adhes user)
    (34 B.Paste user)
    (35 F.Paste user)
    (36 B.SilkS user)
    (37 F.SilkS user)
    (38 B.Mask user)
    (39 F.Mask user)
    (40 Dwgs.User user)
    (41 Cmts.User user)
    (42 Eco1.User user)
    (43 Eco2.User user)
    (44 Edge.Cuts user)
    (45 Margin user)
    (46 B.CrtYd user)
    (47 F.CrtYd user)
    (48 B.Fab user)
    (49 F.Fab user)
  )

  (setup
    (last_trace_width 0.5)
    (user_trace_width 0.2)
    (user_trace_width 0.5)
    (user_trace_width 0.8)
    (user_trace_width 2)
    (user_trace_width 2.5)
    (trace_clearance 0.2)
    (zone_clearance 0.508)
    (zone_45_only no)
    (trace_min 0.2)
    (via_size 0.8)
    (via_drill 0.4)
    (via_min_size 0.4)
    (via_min_drill 0.3)
    (uvia_size 0.3)
    (uvia_drill 0.1)
    (uvias_allowed no)
    (uvia_min_size 0.2)
    (uvia_min_drill 0.1)
    (edge_width 0.05)
    (segment_width 0.2)
    (pcb_text_width 0.3)
    (pcb_text_size 1.5 1.5)
    (mod_edge_width 0.12)
    (mod_text_size 1 1)
    (mod_text_width 0.15)
    (pad_size 1.524 1.524)
    (pad_drill 0.762)
    (pad_to_mask_clearance 0)
    (aux_axis_origin 0 0)
    (visible_elements 7FFFFFFF)
    (pcbplotparams
      (layerselection 0x010fc_ffffffff)
      (usegerberextensions false)
      (usegerberattributes true)
      (usegerberadvancedattributes true)
      (creategerberjobfile true)
      (excludeedgelayer true)
      (linewidth 0.100000)
      (plotframeref false)
      (viasonmask false)
      (mode 1)
      (useauxorigin false)
      (hpglpennumber 1)
      (hpglpenspeed 20)
      (hpglpendiameter 15.000000)
      (psnegative false)
      (psa4output false)
      (plotreference true)
      (plotvalue true)
      (plotinvisibletext false)
      (padsonsilk false)
      (subtractmaskfromsilk false)
      (outputformat 1)
      (mirror false)
      (drillshape 1)
      (scaleselection 1)
      (outputdirectory ""))
  )

  (net 0 "")
  (net 1 "Net-(BT1-Pad1)")
  (net 2 GND)
  (net 3 +1V8)
  (net 4 VIN_L1)
  (net 5 VIN_L2)
  (net 6 +5V)
  (net 7 +5V_3)
  (net 8 +5V_1)
  (net 9 +5V_2)
  (net 10 +3.3V_3)
  (net 11 +3.3V_1)
  (net 12 +3.3V_2)
  (net 13 "Net-(C70-Pad1)")
  (net 14 +3V3)
  (net 15 VIN_IO)
  (net 16 "Net-(C78-Pad1)")
  (net 17 "Net-(C90-Pad1)")
  (net 18 VIN_ADC)
  (net 19 5V_ADC)
  (net 20 3.3V_ADC)
  (net 21 VBUS)
  (net 22 "Net-(C104-Pad1)")
  (net 23 "Net-(C107-Pad1)")
  (net 24 "Net-(C107-Pad2)")
  (net 25 "Net-(C113-Pad2)")
  (net 26 A1+)
  (net 27 A1-)
  (net 28 A2+)
  (net 29 A2-)
  (net 30 A3+)
  (net 31 A3-)
  (net 32 A4+)
  (net 33 A4-)
  (net 34 "Net-(D1-Pad1)")
  (net 35 "Net-(D2-Pad1)")
  (net 36 "Net-(D3-Pad1)")
  (net 37 "Net-(D4-Pad1)")
  (net 38 "Net-(D6-Pad1)")
  (net 39 "Net-(D9-Pad1)")
  (net 40 "Net-(D9-Pad2)")
  (net 41 "Net-(D10-Pad1)")
  (net 42 "Net-(D11-Pad1)")
  (net 43 "Net-(D12-Pad2)")
  (net 44 "Net-(D12-Pad1)")
  (net 45 VIN_RAW)
  (net 46 "Net-(J5-Pad8)")
  (net 47 "Net-(J5-Pad9)")
  (net 48 "Net-(J5-Pad7)")
  (net 49 "Net-(J5-Pad1)")
  (net 50 RESET)
  (net 51 "Net-(J6-Pad2)")
  (net 52 "Net-(J6-Pad1)")
  (net 53 "Net-(J8-PadS1)")
  (net 54 "Net-(J8-PadA7)")
  (net 55 "Net-(J8-PadA6)")
  (net 56 "Net-(J8-PadB8)")
  (net 57 "Net-(J8-PadA5)")
  (net 58 "Net-(J8-PadA8)")
  (net 59 "Net-(J8-PadB5)")
  (net 60 "Net-(F4-Pad2)")
  (net 61 "Net-(J12-Pad1)")
  (net 62 "Net-(J14-Pad10)")
  (net 63 "Net-(J14-Pad2)")
  (net 64 "Net-(J14-Pad5)")
  (net 65 "Net-(J14-Pad3)")
  (net 66 "Net-(J14-Pad1)")
  (net 67 "Net-(J1-Pad1)")
  (net 68 "Net-(J3-Pad1)")
  (net 69 "Net-(J2-Pad1)")
  (net 70 FLASH_CS)
  (net 71 "Net-(JP18-Pad1)")
  (net 72 "Net-(JP19-Pad2)")
  (net 73 "Net-(JP19-Pad1)")
  (net 74 "Net-(JP20-Pad1)")
  (net 75 "Net-(R18-Pad1)")
  (net 76 "Net-(R19-Pad2)")
  (net 77 "Net-(R23-Pad1)")
  (net 78 "Net-(R26-Pad1)")
  (net 79 "Net-(R29-Pad2)")
  (net 80 "Net-(TP1-Pad1)")
  (net 81 "Net-(TP2-Pad1)")
  (net 82 "Net-(TP3-Pad1)")
  (net 83 "Net-(TP4-Pad1)")
  (net 84 "Net-(TP5-Pad1)")
  (net 85 "Net-(TP6-Pad1)")
  (net 86 "Net-(TP7-Pad1)")
  (net 87 "Net-(TP8-Pad1)")
  (net 88 "Net-(TP9-Pad1)")
  (net 89 "Net-(TP10-Pad1)")
  (net 90 "Net-(TP11-Pad1)")
  (net 91 "Net-(TP12-Pad1)")
  (net 92 "Net-(TP13-Pad1)")
  (net 93 "Net-(U1-Pad50)")
  (net 94 "Net-(U1-Pad51)")
  (net 95 "Net-(U20-Pad4)")
  (net 96 "Net-(U26-Pad3)")
  (net 97 "Net-(U26-Pad7)")
  (net 98 "Net-(U27-Pad3)")
  (net 99 "Net-(U27-Pad6)")
  (net 100 "Net-(U27-Pad9)")
  (net 101 "Net-(U27-Pad10)")
  (net 102 "Net-(U27-Pad11)")
  (net 103 "Net-(U27-Pad12)")
  (net 104 "Net-(U27-Pad13)")
  (net 105 "Net-(U27-Pad14)")
  (net 106 "Net-(U27-Pad19)")
  (net 107 "Net-(U27-Pad27)")
  (net 108 "Net-(U27-Pad28)")
  (net 109 "Net-(U28-Pad1)")
  (net 110 "Net-(U28-Pad3)")
  (net 111 "Net-(U28-Pad4)")
  (net 112 "Net-(J24-Pad10)")
  (net 113 "Net-(J18-Pad8)")
  (net 114 "Net-(J18-Pad7)")
  (net 115 "Net-(J18-Pad6)")
  (net 116 "Net-(J18-Pad5)")
  (net 117 "Net-(J18-Pad4)")
  (net 118 "Net-(J18-Pad3)")
  (net 119 "Net-(J18-Pad2)")
  (net 120 "Net-(J18-Pad1)")
  (net 121 "Net-(J19-Pad1)")
  (net 122 "Net-(J19-Pad2)")
  (net 123 "Net-(J19-Pad3)")
  (net 124 "Net-(J19-Pad4)")
  (net 125 "Net-(J19-Pad5)")
  (net 126 "Net-(J19-Pad6)")
  (net 127 "Net-(J19-Pad7)")
  (net 128 "Net-(J19-Pad8)")
  (net 129 "Net-(J20-Pad1)")
  (net 130 "Net-(J24-Pad1)")
  (net 131 "Net-(J24-Pad2)")
  (net 132 "Net-(J24-Pad3)")
  (net 133 "Net-(J24-Pad5)")
  (net 134 "Net-(J24-Pad6)")
  (net 135 "Net-(J24-Pad7)")
  (net 136 "Net-(J25-Pad8)")
  (net 137 "Net-(J25-Pad7)")
  (net 138 "Net-(J25-Pad6)")
  (net 139 "Net-(J25-Pad5)")
  (net 140 "Net-(J25-Pad4)")
  (net 141 "Net-(J25-Pad3)")
  (net 142 "Net-(J25-Pad2)")
  (net 143 "Net-(J25-Pad1)")
  (net 144 "Net-(J26-Pad1)")
  (net 145 "Net-(J26-Pad2)")
  (net 146 "Net-(J26-Pad3)")
  (net 147 "Net-(J26-Pad4)")
  (net 148 "Net-(J26-Pad5)")
  (net 149 "Net-(J26-Pad6)")
  (net 150 "Net-(C73-Pad1)")
  (net 151 "Net-(C74-Pad1)")
  (net 152 "Net-(C75-Pad1)")
  (net 153 5V_MAIN1)
  (net 154 3.3V_MAIN1)
  (net 155 "Net-(C91-Pad1)")
  (net 156 "Net-(C94-Pad1)")
  (net 157 "Net-(C108-Pad1)")
  (net 158 "Net-(C109-Pad1)")
  (net 159 "Net-(C110-Pad1)")
  (net 160 "Net-(C111-Pad1)")
  (net 161 "Net-(C114-Pad2)")
  (net 162 /Peripherals/AIN2P)
  (net 163 /Peripherals/AIN2N)
  (net 164 /Peripherals/AIN3N)
  (net 165 /Peripherals/AIN3P)
  (net 166 /Peripherals/AIN4N)
  (net 167 /Peripherals/AIN4P)
  (net 168 /Peripherals/AIN1P)
  (net 169 /Peripherals/AIN1N)
  (net 170 "Net-(D5-Pad2)")
  (net 171 "Net-(D7-Pad2)")
  (net 172 "Net-(D8-Pad2)")
  (net 173 "Net-(D13-Pad2)")
  (net 174 "Net-(D14-Pad2)")
  (net 175 "Net-(D15-Pad2)")
  (net 176 "Net-(D16-Pad2)")
  (net 177 "Net-(D17-Pad2)")
  (net 178 "Net-(D18-Pad2)")
  (net 179 "Net-(D19-Pad2)")
  (net 180 "Net-(D20-Pad2)")
  (net 181 "Net-(D21-Pad2)")
  (net 182 "Net-(D22-Pad2)")
  (net 183 "Net-(J17-Pad1)")
  (net 184 "Net-(J27-Pad1)")
  (net 185 "Net-(J28-Pad1)")
  (net 186 "Net-(J29-Pad1)")
  (net 187 "Net-(J30-Pad1)")
  (net 188 "Net-(J31-Pad9)")
  (net 189 "Net-(J31-Pad8)")
  (net 190 "Net-(J31-Pad7)")
  (net 191 "Net-(J31-Pad1)")
  (net 192 "Net-(J32-Pad1)")
  (net 193 "Net-(J32-Pad7)")
  (net 194 "Net-(J32-Pad8)")
  (net 195 "Net-(J32-Pad9)")
  (net 196 HS_VIN)
  (net 197 HS_1)
  (net 198 HS_2)
  (net 199 HS_3)
  (net 200 HS_4)
  (net 201 "Net-(JP37-Pad2)")
  (net 202 "Net-(JP38-Pad2)")
  (net 203 "Net-(JP39-Pad1)")
  (net 204 /Power2/P55)
  (net 205 "Net-(R39-Pad1)")
  (net 206 "Net-(R46-Pad1)")
  (net 207 "Net-(R51-Pad1)")
  (net 208 "Net-(R53-Pad1)")
  (net 209 "Net-(R55-Pad1)")
  (net 210 "Net-(U17-Pad3)")
  (net 211 "Net-(U17-Pad5)")
  (net 212 "Net-(U23-Pad18)")
  (net 213 "Net-(U23-Pad24)")
  (net 214 V_0_3)
  (net 215 V_32_35)
  (net 216 P0)
  (net 217 P1)
  (net 218 P2)
  (net 219 P3)
  (net 220 P4)
  (net 221 P5)
  (net 222 P6)
  (net 223 P7)
  (net 224 P8)
  (net 225 P9)
  (net 226 P10)
  (net 227 P11)
  (net 228 P12)
  (net 229 P13)
  (net 230 P14)
  (net 231 P15)
  (net 232 P16)
  (net 233 P17)
  (net 234 P18)
  (net 235 P19)
  (net 236 P20)
  (net 237 P21)
  (net 238 P22)
  (net 239 P23)
  (net 240 P24)
  (net 241 P25)
  (net 242 P26)
  (net 243 P27)
  (net 244 P28)
  (net 245 P29)
  (net 246 P30)
  (net 247 P31)
  (net 248 P32)
  (net 249 P33)
  (net 250 P34)
  (net 251 P35)
  (net 252 P36)
  (net 253 P37)
  (net 254 P38)
  (net 255 P39)
  (net 256 P40)
  (net 257 P41)
  (net 258 P42)
  (net 259 P43)
  (net 260 P44)
  (net 261 P45)
  (net 262 P46)
  (net 263 P47)
  (net 264 P48)
  (net 265 P49)
  (net 266 P50)
  (net 267 P51)
  (net 268 P52)
  (net 269 P53)
  (net 270 P54)
  (net 271 P55)
  (net 272 P56)
  (net 273 P57)
  (net 274 P58)
  (net 275 P59)
  (net 276 P60)
  (net 277 P61)
  (net 278 P62)
  (net 279 P63)
  (net 280 "Net-(J11-Pad1)")
  (net 281 AO2)
  (net 282 AO1)
  (net 283 AO3)
  (net 284 /Connections/D-)
  (net 285 /Connections/D+)

  (net_class Default "This is the default net class."
    (clearance 0.2)
    (trace_width 0.25)
    (via_dia 0.8)
    (via_drill 0.4)
    (uvia_dia 0.3)
    (uvia_drill 0.1)
    (add_net +1V8)
    (add_net +3.3V_1)
    (add_net +3.3V_2)
    (add_net +3.3V_3)
    (add_net +3V3)
    (add_net +5V)
    (add_net +5V_1)
    (add_net +5V_2)
    (add_net +5V_3)
    (add_net /Connections/D+)
    (add_net /Connections/D-)
    (add_net /Peripherals/AIN1N)
    (add_net /Peripherals/AIN1P)
    (add_net /Peripherals/AIN2N)
    (add_net /Peripherals/AIN2P)
    (add_net /Peripherals/AIN3N)
    (add_net /Peripherals/AIN3P)
    (add_net /Peripherals/AIN4N)
    (add_net /Peripherals/AIN4P)
    (add_net /Power2/P55)
    (add_net 3.3V_ADC)
    (add_net 3.3V_MAIN1)
    (add_net 5V_ADC)
    (add_net 5V_MAIN1)
    (add_net A1+)
    (add_net A1-)
    (add_net A2+)
    (add_net A2-)
    (add_net A3+)
    (add_net A3-)
    (add_net A4+)
    (add_net A4-)
    (add_net AO1)
    (add_net AO2)
    (add_net AO3)
    (add_net FLASH_CS)
    (add_net GND)
    (add_net HS_1)
    (add_net HS_2)
    (add_net HS_3)
    (add_net HS_4)
    (add_net HS_VIN)
    (add_net "Net-(BT1-Pad1)")
    (add_net "Net-(C104-Pad1)")
    (add_net "Net-(C107-Pad1)")
    (add_net "Net-(C107-Pad2)")
    (add_net "Net-(C108-Pad1)")
    (add_net "Net-(C109-Pad1)")
    (add_net "Net-(C110-Pad1)")
    (add_net "Net-(C111-Pad1)")
    (add_net "Net-(C113-Pad2)")
    (add_net "Net-(C114-Pad2)")
    (add_net "Net-(C70-Pad1)")
    (add_net "Net-(C73-Pad1)")
    (add_net "Net-(C74-Pad1)")
    (add_net "Net-(C75-Pad1)")
    (add_net "Net-(C78-Pad1)")
    (add_net "Net-(C90-Pad1)")
    (add_net "Net-(C91-Pad1)")
    (add_net "Net-(C94-Pad1)")
    (add_net "Net-(D1-Pad1)")
    (add_net "Net-(D10-Pad1)")
    (add_net "Net-(D11-Pad1)")
    (add_net "Net-(D12-Pad1)")
    (add_net "Net-(D12-Pad2)")
    (add_net "Net-(D13-Pad2)")
    (add_net "Net-(D14-Pad2)")
    (add_net "Net-(D15-Pad2)")
    (add_net "Net-(D16-Pad2)")
    (add_net "Net-(D17-Pad2)")
    (add_net "Net-(D18-Pad2)")
    (add_net "Net-(D19-Pad2)")
    (add_net "Net-(D2-Pad1)")
    (add_net "Net-(D20-Pad2)")
    (add_net "Net-(D21-Pad2)")
    (add_net "Net-(D22-Pad2)")
    (add_net "Net-(D3-Pad1)")
    (add_net "Net-(D4-Pad1)")
    (add_net "Net-(D5-Pad2)")
    (add_net "Net-(D6-Pad1)")
    (add_net "Net-(D7-Pad2)")
    (add_net "Net-(D8-Pad2)")
    (add_net "Net-(D9-Pad1)")
    (add_net "Net-(D9-Pad2)")
    (add_net "Net-(F4-Pad2)")
    (add_net "Net-(J1-Pad1)")
    (add_net "Net-(J11-Pad1)")
    (add_net "Net-(J12-Pad1)")
    (add_net "Net-(J14-Pad1)")
    (add_net "Net-(J14-Pad10)")
    (add_net "Net-(J14-Pad2)")
    (add_net "Net-(J14-Pad3)")
    (add_net "Net-(J14-Pad5)")
    (add_net "Net-(J17-Pad1)")
    (add_net "Net-(J18-Pad1)")
    (add_net "Net-(J18-Pad2)")
    (add_net "Net-(J18-Pad3)")
    (add_net "Net-(J18-Pad4)")
    (add_net "Net-(J18-Pad5)")
    (add_net "Net-(J18-Pad6)")
    (add_net "Net-(J18-Pad7)")
    (add_net "Net-(J18-Pad8)")
    (add_net "Net-(J19-Pad1)")
    (add_net "Net-(J19-Pad2)")
    (add_net "Net-(J19-Pad3)")
    (add_net "Net-(J19-Pad4)")
    (add_net "Net-(J19-Pad5)")
    (add_net "Net-(J19-Pad6)")
    (add_net "Net-(J19-Pad7)")
    (add_net "Net-(J19-Pad8)")
    (add_net "Net-(J2-Pad1)")
    (add_net "Net-(J20-Pad1)")
    (add_net "Net-(J24-Pad1)")
    (add_net "Net-(J24-Pad10)")
    (add_net "Net-(J24-Pad2)")
    (add_net "Net-(J24-Pad3)")
    (add_net "Net-(J24-Pad5)")
    (add_net "Net-(J24-Pad6)")
    (add_net "Net-(J24-Pad7)")
    (add_net "Net-(J25-Pad1)")
    (add_net "Net-(J25-Pad2)")
    (add_net "Net-(J25-Pad3)")
    (add_net "Net-(J25-Pad4)")
    (add_net "Net-(J25-Pad5)")
    (add_net "Net-(J25-Pad6)")
    (add_net "Net-(J25-Pad7)")
    (add_net "Net-(J25-Pad8)")
    (add_net "Net-(J26-Pad1)")
    (add_net "Net-(J26-Pad2)")
    (add_net "Net-(J26-Pad3)")
    (add_net "Net-(J26-Pad4)")
    (add_net "Net-(J26-Pad5)")
    (add_net "Net-(J26-Pad6)")
    (add_net "Net-(J27-Pad1)")
    (add_net "Net-(J28-Pad1)")
    (add_net "Net-(J29-Pad1)")
    (add_net "Net-(J3-Pad1)")
    (add_net "Net-(J30-Pad1)")
    (add_net "Net-(J31-Pad1)")
    (add_net "Net-(J31-Pad7)")
    (add_net "Net-(J31-Pad8)")
    (add_net "Net-(J31-Pad9)")
    (add_net "Net-(J32-Pad1)")
    (add_net "Net-(J32-Pad7)")
    (add_net "Net-(J32-Pad8)")
    (add_net "Net-(J32-Pad9)")
    (add_net "Net-(J5-Pad1)")
    (add_net "Net-(J5-Pad7)")
    (add_net "Net-(J5-Pad8)")
    (add_net "Net-(J5-Pad9)")
    (add_net "Net-(J6-Pad1)")
    (add_net "Net-(J6-Pad2)")
    (add_net "Net-(J8-PadA5)")
    (add_net "Net-(J8-PadA6)")
    (add_net "Net-(J8-PadA7)")
    (add_net "Net-(J8-PadA8)")
    (add_net "Net-(J8-PadB5)")
    (add_net "Net-(J8-PadB8)")
    (add_net "Net-(J8-PadS1)")
    (add_net "Net-(JP18-Pad1)")
    (add_net "Net-(JP19-Pad1)")
    (add_net "Net-(JP19-Pad2)")
    (add_net "Net-(JP20-Pad1)")
    (add_net "Net-(JP37-Pad2)")
    (add_net "Net-(JP38-Pad2)")
    (add_net "Net-(JP39-Pad1)")
    (add_net "Net-(R18-Pad1)")
    (add_net "Net-(R19-Pad2)")
    (add_net "Net-(R23-Pad1)")
    (add_net "Net-(R26-Pad1)")
    (add_net "Net-(R29-Pad2)")
    (add_net "Net-(R39-Pad1)")
    (add_net "Net-(R46-Pad1)")
    (add_net "Net-(R51-Pad1)")
    (add_net "Net-(R53-Pad1)")
    (add_net "Net-(R55-Pad1)")
    (add_net "Net-(TP1-Pad1)")
    (add_net "Net-(TP10-Pad1)")
    (add_net "Net-(TP11-Pad1)")
    (add_net "Net-(TP12-Pad1)")
    (add_net "Net-(TP13-Pad1)")
    (add_net "Net-(TP2-Pad1)")
    (add_net "Net-(TP3-Pad1)")
    (add_net "Net-(TP4-Pad1)")
    (add_net "Net-(TP5-Pad1)")
    (add_net "Net-(TP6-Pad1)")
    (add_net "Net-(TP7-Pad1)")
    (add_net "Net-(TP8-Pad1)")
    (add_net "Net-(TP9-Pad1)")
    (add_net "Net-(U1-Pad50)")
    (add_net "Net-(U1-Pad51)")
    (add_net "Net-(U17-Pad3)")
    (add_net "Net-(U17-Pad5)")
    (add_net "Net-(U20-Pad4)")
    (add_net "Net-(U23-Pad18)")
    (add_net "Net-(U23-Pad24)")
    (add_net "Net-(U26-Pad3)")
    (add_net "Net-(U26-Pad7)")
    (add_net "Net-(U27-Pad10)")
    (add_net "Net-(U27-Pad11)")
    (add_net "Net-(U27-Pad12)")
    (add_net "Net-(U27-Pad13)")
    (add_net "Net-(U27-Pad14)")
    (add_net "Net-(U27-Pad19)")
    (add_net "Net-(U27-Pad27)")
    (add_net "Net-(U27-Pad28)")
    (add_net "Net-(U27-Pad3)")
    (add_net "Net-(U27-Pad6)")
    (add_net "Net-(U27-Pad9)")
    (add_net "Net-(U28-Pad1)")
    (add_net "Net-(U28-Pad3)")
    (add_net "Net-(U28-Pad4)")
    (add_net P0)
    (add_net P1)
    (add_net P10)
    (add_net P11)
    (add_net P12)
    (add_net P13)
    (add_net P14)
    (add_net P15)
    (add_net P16)
    (add_net P17)
    (add_net P18)
    (add_net P19)
    (add_net P2)
    (add_net P20)
    (add_net P21)
    (add_net P22)
    (add_net P23)
    (add_net P24)
    (add_net P25)
    (add_net P26)
    (add_net P27)
    (add_net P28)
    (add_net P29)
    (add_net P3)
    (add_net P30)
    (add_net P31)
    (add_net P32)
    (add_net P33)
    (add_net P34)
    (add_net P35)
    (add_net P36)
    (add_net P37)
    (add_net P38)
    (add_net P39)
    (add_net P4)
    (add_net P40)
    (add_net P41)
    (add_net P42)
    (add_net P43)
    (add_net P44)
    (add_net P45)
    (add_net P46)
    (add_net P47)
    (add_net P48)
    (add_net P49)
    (add_net P5)
    (add_net P50)
    (add_net P51)
    (add_net P52)
    (add_net P53)
    (add_net P54)
    (add_net P55)
    (add_net P56)
    (add_net P57)
    (add_net P58)
    (add_net P59)
    (add_net P6)
    (add_net P60)
    (add_net P61)
    (add_net P62)
    (add_net P63)
    (add_net P7)
    (add_net P8)
    (add_net P9)
    (add_net RESET)
    (add_net VBUS)
    (add_net VIN_ADC)
    (add_net VIN_IO)
    (add_net VIN_L1)
    (add_net VIN_L2)
    (add_net VIN_RAW)
    (add_net V_0_3)
    (add_net V_32_35)
  )

  (module Capacitor_SMD:C_0603_1608Metric (layer F.Cu) (tedit 5F68FEEE) (tstamp 60B8DEE3)
    (at 429.6665 70.3199 135)
    (descr "Capacitor SMD 0603 (1608 Metric), square (rectangular) end terminal, IPC_7351 nominal, (Body size source: IPC-SM-782 page 76, https://www.pcb-3d.com/wordpress/wp-content/uploads/ipc-sm-782a_amendment_1_and_2.pdf), generated with kicad-footprint-generator")
    (tags capacitor)
    (path /61008A58)
    (attr smd)
    (fp_text reference C28 (at 0 -1.43 135) (layer F.SilkS) hide
      (effects (font (size 1 1) (thickness 0.15)))
    )
    (fp_text value 1uF (at 0 1.43 135) (layer F.Fab)
      (effects (font (size 1 1) (thickness 0.15)))
    )
    (fp_line (start -0.8 0.4) (end -0.8 -0.4) (layer F.Fab) (width 0.1))
    (fp_line (start -0.8 -0.4) (end 0.8 -0.4) (layer F.Fab) (width 0.1))
    (fp_line (start 0.8 -0.4) (end 0.8 0.4) (layer F.Fab) (width 0.1))
    (fp_line (start 0.8 0.4) (end -0.8 0.4) (layer F.Fab) (width 0.1))
    (fp_line (start -0.14058 -0.51) (end 0.14058 -0.51) (layer F.SilkS) (width 0.12))
    (fp_line (start -0.14058 0.51) (end 0.14058 0.51) (layer F.SilkS) (width 0.12))
    (fp_line (start -1.48 0.73) (end -1.48 -0.73) (layer F.CrtYd) (width 0.05))
    (fp_line (start -1.48 -0.73) (end 1.48 -0.73) (layer F.CrtYd) (width 0.05))
    (fp_line (start 1.48 -0.73) (end 1.48 0.73) (layer F.CrtYd) (width 0.05))
    (fp_line (start 1.48 0.73) (end -1.48 0.73) (layer F.CrtYd) (width 0.05))
    (fp_text user %R (at 0 0 135) (layer F.Fab)
      (effects (font (size 0.4 0.4) (thickness 0.06)))
    )
    (pad 1 smd roundrect (at -0.775 0 135) (size 0.9 0.95) (layers F.Cu F.Paste F.Mask) (roundrect_rratio 0.25)
      (net 215 V_32_35))
    (pad 2 smd roundrect (at 0.775 0 135) (size 0.9 0.95) (layers F.Cu F.Paste F.Mask) (roundrect_rratio 0.25)
      (net 2 GND))
    (model ${KISYS3DMOD}/Capacitor_SMD.3dshapes/C_0603_1608Metric.wrl
      (at (xyz 0 0 0))
      (scale (xyz 1 1 1))
      (rotate (xyz 0 0 0))
    )
  )

  (module Capacitor_SMD:C_0603_1608Metric (layer F.Cu) (tedit 5F68FEEE) (tstamp 60B8DEB3)
    (at 427.0375 72.8726 135)
    (descr "Capacitor SMD 0603 (1608 Metric), square (rectangular) end terminal, IPC_7351 nominal, (Body size source: IPC-SM-782 page 76, https://www.pcb-3d.com/wordpress/wp-content/uploads/ipc-sm-782a_amendment_1_and_2.pdf), generated with kicad-footprint-generator")
    (tags capacitor)
    (path /60FEF9A2)
    (attr smd)
    (fp_text reference C33 (at 0 -1.43 135) (layer F.SilkS) hide
      (effects (font (size 1 1) (thickness 0.15)))
    )
    (fp_text value 4.7uF (at 0 1.43 135) (layer F.Fab)
      (effects (font (size 1 1) (thickness 0.15)))
    )
    (fp_line (start 1.48 0.73) (end -1.48 0.73) (layer F.CrtYd) (width 0.05))
    (fp_line (start 1.48 -0.73) (end 1.48 0.73) (layer F.CrtYd) (width 0.05))
    (fp_line (start -1.48 -0.73) (end 1.48 -0.73) (layer F.CrtYd) (width 0.05))
    (fp_line (start -1.48 0.73) (end -1.48 -0.73) (layer F.CrtYd) (width 0.05))
    (fp_line (start -0.14058 0.51) (end 0.14058 0.51) (layer F.SilkS) (width 0.12))
    (fp_line (start -0.14058 -0.51) (end 0.14058 -0.51) (layer F.SilkS) (width 0.12))
    (fp_line (start 0.8 0.4) (end -0.8 0.4) (layer F.Fab) (width 0.1))
    (fp_line (start 0.8 -0.4) (end 0.8 0.4) (layer F.Fab) (width 0.1))
    (fp_line (start -0.8 -0.4) (end 0.8 -0.4) (layer F.Fab) (width 0.1))
    (fp_line (start -0.8 0.4) (end -0.8 -0.4) (layer F.Fab) (width 0.1))
    (fp_text user %R (at 0 0 135) (layer F.Fab)
      (effects (font (size 0.4 0.4) (thickness 0.06)))
    )
    (pad 2 smd roundrect (at 0.775 0 135) (size 0.9 0.95) (layers F.Cu F.Paste F.Mask) (roundrect_rratio 0.25)
      (net 2 GND))
    (pad 1 smd roundrect (at -0.775 0 135) (size 0.9 0.95) (layers F.Cu F.Paste F.Mask) (roundrect_rratio 0.25)
      (net 215 V_32_35))
    (model ${KISYS3DMOD}/Capacitor_SMD.3dshapes/C_0603_1608Metric.wrl
      (at (xyz 0 0 0))
      (scale (xyz 1 1 1))
      (rotate (xyz 0 0 0))
    )
  )

  (module Capacitor_SMD:C_0603_1608Metric (layer F.Cu) (tedit 5F68FEEE) (tstamp 60B8DE83)
    (at 423.3925 76.581 135)
    (descr "Capacitor SMD 0603 (1608 Metric), square (rectangular) end terminal, IPC_7351 nominal, (Body size source: IPC-SM-782 page 76, https://www.pcb-3d.com/wordpress/wp-content/uploads/ipc-sm-782a_amendment_1_and_2.pdf), generated with kicad-footprint-generator")
    (tags capacitor)
    (path /60FEF9A8)
    (attr smd)
    (fp_text reference C39 (at 0 -1.43 135) (layer F.SilkS) hide
      (effects (font (size 1 1) (thickness 0.15)))
    )
    (fp_text value 4.7uF (at 0 1.43 135) (layer F.Fab)
      (effects (font (size 1 1) (thickness 0.15)))
    )
    (fp_line (start -0.8 0.4) (end -0.8 -0.4) (layer F.Fab) (width 0.1))
    (fp_line (start -0.8 -0.4) (end 0.8 -0.4) (layer F.Fab) (width 0.1))
    (fp_line (start 0.8 -0.4) (end 0.8 0.4) (layer F.Fab) (width 0.1))
    (fp_line (start 0.8 0.4) (end -0.8 0.4) (layer F.Fab) (width 0.1))
    (fp_line (start -0.14058 -0.51) (end 0.14058 -0.51) (layer F.SilkS) (width 0.12))
    (fp_line (start -0.14058 0.51) (end 0.14058 0.51) (layer F.SilkS) (width 0.12))
    (fp_line (start -1.48 0.73) (end -1.48 -0.73) (layer F.CrtYd) (width 0.05))
    (fp_line (start -1.48 -0.73) (end 1.48 -0.73) (layer F.CrtYd) (width 0.05))
    (fp_line (start 1.48 -0.73) (end 1.48 0.73) (layer F.CrtYd) (width 0.05))
    (fp_line (start 1.48 0.73) (end -1.48 0.73) (layer F.CrtYd) (width 0.05))
    (fp_text user %R (at 0 0 135) (layer F.Fab)
      (effects (font (size 0.4 0.4) (thickness 0.06)))
    )
    (pad 1 smd roundrect (at -0.775 0 135) (size 0.9 0.95) (layers F.Cu F.Paste F.Mask) (roundrect_rratio 0.25)
      (net 215 V_32_35))
    (pad 2 smd roundrect (at 0.775 0 135) (size 0.9 0.95) (layers F.Cu F.Paste F.Mask) (roundrect_rratio 0.25)
      (net 2 GND))
    (model ${KISYS3DMOD}/Capacitor_SMD.3dshapes/C_0603_1608Metric.wrl
      (at (xyz 0 0 0))
      (scale (xyz 1 1 1))
      (rotate (xyz 0 0 0))
    )
  )

  (module Capacitor_SMD:C_0603_1608Metric (layer F.Cu) (tedit 5F68FEEE) (tstamp 60B8DE53)
    (at 422.1605 77.7748 135)
    (descr "Capacitor SMD 0603 (1608 Metric), square (rectangular) end terminal, IPC_7351 nominal, (Body size source: IPC-SM-782 page 76, https://www.pcb-3d.com/wordpress/wp-content/uploads/ipc-sm-782a_amendment_1_and_2.pdf), generated with kicad-footprint-generator")
    (tags capacitor)
    (path /61008A64)
    (attr smd)
    (fp_text reference C40 (at 0 -1.43 135) (layer F.SilkS) hide
      (effects (font (size 1 1) (thickness 0.15)))
    )
    (fp_text value 1uF (at 0 1.43 135) (layer F.Fab)
      (effects (font (size 1 1) (thickness 0.15)))
    )
    (fp_line (start -0.8 0.4) (end -0.8 -0.4) (layer F.Fab) (width 0.1))
    (fp_line (start -0.8 -0.4) (end 0.8 -0.4) (layer F.Fab) (width 0.1))
    (fp_line (start 0.8 -0.4) (end 0.8 0.4) (layer F.Fab) (width 0.1))
    (fp_line (start 0.8 0.4) (end -0.8 0.4) (layer F.Fab) (width 0.1))
    (fp_line (start -0.14058 -0.51) (end 0.14058 -0.51) (layer F.SilkS) (width 0.12))
    (fp_line (start -0.14058 0.51) (end 0.14058 0.51) (layer F.SilkS) (width 0.12))
    (fp_line (start -1.48 0.73) (end -1.48 -0.73) (layer F.CrtYd) (width 0.05))
    (fp_line (start -1.48 -0.73) (end 1.48 -0.73) (layer F.CrtYd) (width 0.05))
    (fp_line (start 1.48 -0.73) (end 1.48 0.73) (layer F.CrtYd) (width 0.05))
    (fp_line (start 1.48 0.73) (end -1.48 0.73) (layer F.CrtYd) (width 0.05))
    (fp_text user %R (at 0 0 135) (layer F.Fab)
      (effects (font (size 0.4 0.4) (thickness 0.06)))
    )
    (pad 1 smd roundrect (at -0.775 0 135) (size 0.9 0.95) (layers F.Cu F.Paste F.Mask) (roundrect_rratio 0.25)
      (net 215 V_32_35))
    (pad 2 smd roundrect (at 0.775 0 135) (size 0.9 0.95) (layers F.Cu F.Paste F.Mask) (roundrect_rratio 0.25)
      (net 2 GND))
    (model ${KISYS3DMOD}/Capacitor_SMD.3dshapes/C_0603_1608Metric.wrl
      (at (xyz 0 0 0))
      (scale (xyz 1 1 1))
      (rotate (xyz 0 0 0))
    )
  )

  (module Capacitor_SMD:C_0603_1608Metric (layer F.Cu) (tedit 5F68FEEE) (tstamp 60B8DE23)
    (at 425.8945 74.0664 135)
    (descr "Capacitor SMD 0603 (1608 Metric), square (rectangular) end terminal, IPC_7351 nominal, (Body size source: IPC-SM-782 page 76, https://www.pcb-3d.com/wordpress/wp-content/uploads/ipc-sm-782a_amendment_1_and_2.pdf), generated with kicad-footprint-generator")
    (tags capacitor)
    (path /61008A5E)
    (attr smd)
    (fp_text reference C34 (at 0 -1.43 135) (layer F.SilkS) hide
      (effects (font (size 1 1) (thickness 0.15)))
    )
    (fp_text value 1uF (at 0 1.43 135) (layer F.Fab)
      (effects (font (size 1 1) (thickness 0.15)))
    )
    (fp_line (start 1.48 0.73) (end -1.48 0.73) (layer F.CrtYd) (width 0.05))
    (fp_line (start 1.48 -0.73) (end 1.48 0.73) (layer F.CrtYd) (width 0.05))
    (fp_line (start -1.48 -0.73) (end 1.48 -0.73) (layer F.CrtYd) (width 0.05))
    (fp_line (start -1.48 0.73) (end -1.48 -0.73) (layer F.CrtYd) (width 0.05))
    (fp_line (start -0.14058 0.51) (end 0.14058 0.51) (layer F.SilkS) (width 0.12))
    (fp_line (start -0.14058 -0.51) (end 0.14058 -0.51) (layer F.SilkS) (width 0.12))
    (fp_line (start 0.8 0.4) (end -0.8 0.4) (layer F.Fab) (width 0.1))
    (fp_line (start 0.8 -0.4) (end 0.8 0.4) (layer F.Fab) (width 0.1))
    (fp_line (start -0.8 -0.4) (end 0.8 -0.4) (layer F.Fab) (width 0.1))
    (fp_line (start -0.8 0.4) (end -0.8 -0.4) (layer F.Fab) (width 0.1))
    (fp_text user %R (at 0 0 135) (layer F.Fab)
      (effects (font (size 0.4 0.4) (thickness 0.06)))
    )
    (pad 2 smd roundrect (at 0.775 0 135) (size 0.9 0.95) (layers F.Cu F.Paste F.Mask) (roundrect_rratio 0.25)
      (net 2 GND))
    (pad 1 smd roundrect (at -0.775 0 135) (size 0.9 0.95) (layers F.Cu F.Paste F.Mask) (roundrect_rratio 0.25)
      (net 215 V_32_35))
    (model ${KISYS3DMOD}/Capacitor_SMD.3dshapes/C_0603_1608Metric.wrl
      (at (xyz 0 0 0))
      (scale (xyz 1 1 1))
      (rotate (xyz 0 0 0))
    )
  )

  (module Capacitor_SMD:C_0603_1608Metric (layer F.Cu) (tedit 5F68FEEE) (tstamp 60B8DDF3)
    (at 430.9635 69.0137 135)
    (descr "Capacitor SMD 0603 (1608 Metric), square (rectangular) end terminal, IPC_7351 nominal, (Body size source: IPC-SM-782 page 76, https://www.pcb-3d.com/wordpress/wp-content/uploads/ipc-sm-782a_amendment_1_and_2.pdf), generated with kicad-footprint-generator")
    (tags capacitor)
    (path /60FEF99C)
    (attr smd)
    (fp_text reference C27 (at 0 -1.43 135) (layer F.SilkS) hide
      (effects (font (size 1 1) (thickness 0.15)))
    )
    (fp_text value 4.7uF (at 0 1.43 135) (layer F.Fab)
      (effects (font (size 1 1) (thickness 0.15)))
    )
    (fp_line (start -0.8 0.4) (end -0.8 -0.4) (layer F.Fab) (width 0.1))
    (fp_line (start -0.8 -0.4) (end 0.8 -0.4) (layer F.Fab) (width 0.1))
    (fp_line (start 0.8 -0.4) (end 0.8 0.4) (layer F.Fab) (width 0.1))
    (fp_line (start 0.8 0.4) (end -0.8 0.4) (layer F.Fab) (width 0.1))
    (fp_line (start -0.14058 -0.51) (end 0.14058 -0.51) (layer F.SilkS) (width 0.12))
    (fp_line (start -0.14058 0.51) (end 0.14058 0.51) (layer F.SilkS) (width 0.12))
    (fp_line (start -1.48 0.73) (end -1.48 -0.73) (layer F.CrtYd) (width 0.05))
    (fp_line (start -1.48 -0.73) (end 1.48 -0.73) (layer F.CrtYd) (width 0.05))
    (fp_line (start 1.48 -0.73) (end 1.48 0.73) (layer F.CrtYd) (width 0.05))
    (fp_line (start 1.48 0.73) (end -1.48 0.73) (layer F.CrtYd) (width 0.05))
    (fp_text user %R (at 0 0 135) (layer F.Fab)
      (effects (font (size 0.4 0.4) (thickness 0.06)))
    )
    (pad 1 smd roundrect (at -0.775 0 135) (size 0.9 0.95) (layers F.Cu F.Paste F.Mask) (roundrect_rratio 0.25)
      (net 215 V_32_35))
    (pad 2 smd roundrect (at 0.775 0 135) (size 0.9 0.95) (layers F.Cu F.Paste F.Mask) (roundrect_rratio 0.25)
      (net 2 GND))
    (model ${KISYS3DMOD}/Capacitor_SMD.3dshapes/C_0603_1608Metric.wrl
      (at (xyz 0 0 0))
      (scale (xyz 1 1 1))
      (rotate (xyz 0 0 0))
    )
  )

  (module Capacitor_SMD:C_0603_1608Metric (layer F.Cu) (tedit 5F68FEEE) (tstamp 60B8DDC3)
    (at 418.3505 81.6229 135)
    (descr "Capacitor SMD 0603 (1608 Metric), square (rectangular) end terminal, IPC_7351 nominal, (Body size source: IPC-SM-782 page 76, https://www.pcb-3d.com/wordpress/wp-content/uploads/ipc-sm-782a_amendment_1_and_2.pdf), generated with kicad-footprint-generator")
    (tags capacitor)
    (path /61008A6A)
    (attr smd)
    (fp_text reference C46 (at 0 -1.43 135) (layer F.SilkS) hide
      (effects (font (size 1 1) (thickness 0.15)))
    )
    (fp_text value 1uF (at 0 1.43 135) (layer F.Fab)
      (effects (font (size 1 1) (thickness 0.15)))
    )
    (fp_line (start 1.48 0.73) (end -1.48 0.73) (layer F.CrtYd) (width 0.05))
    (fp_line (start 1.48 -0.73) (end 1.48 0.73) (layer F.CrtYd) (width 0.05))
    (fp_line (start -1.48 -0.73) (end 1.48 -0.73) (layer F.CrtYd) (width 0.05))
    (fp_line (start -1.48 0.73) (end -1.48 -0.73) (layer F.CrtYd) (width 0.05))
    (fp_line (start -0.14058 0.51) (end 0.14058 0.51) (layer F.SilkS) (width 0.12))
    (fp_line (start -0.14058 -0.51) (end 0.14058 -0.51) (layer F.SilkS) (width 0.12))
    (fp_line (start 0.8 0.4) (end -0.8 0.4) (layer F.Fab) (width 0.1))
    (fp_line (start 0.8 -0.4) (end 0.8 0.4) (layer F.Fab) (width 0.1))
    (fp_line (start -0.8 -0.4) (end 0.8 -0.4) (layer F.Fab) (width 0.1))
    (fp_line (start -0.8 0.4) (end -0.8 -0.4) (layer F.Fab) (width 0.1))
    (fp_text user %R (at 0 0 135) (layer F.Fab)
      (effects (font (size 0.4 0.4) (thickness 0.06)))
    )
    (pad 2 smd roundrect (at 0.775 0 135) (size 0.9 0.95) (layers F.Cu F.Paste F.Mask) (roundrect_rratio 0.25)
      (net 2 GND))
    (pad 1 smd roundrect (at -0.775 0 135) (size 0.9 0.95) (layers F.Cu F.Paste F.Mask) (roundrect_rratio 0.25)
      (net 215 V_32_35))
    (model ${KISYS3DMOD}/Capacitor_SMD.3dshapes/C_0603_1608Metric.wrl
      (at (xyz 0 0 0))
      (scale (xyz 1 1 1))
      (rotate (xyz 0 0 0))
    )
  )

  (module Capacitor_SMD:C_0603_1608Metric (layer F.Cu) (tedit 5F68FEEE) (tstamp 60B8DD93)
    (at 419.6205 80.2894 135)
    (descr "Capacitor SMD 0603 (1608 Metric), square (rectangular) end terminal, IPC_7351 nominal, (Body size source: IPC-SM-782 page 76, https://www.pcb-3d.com/wordpress/wp-content/uploads/ipc-sm-782a_amendment_1_and_2.pdf), generated with kicad-footprint-generator")
    (tags capacitor)
    (path /60FEF9AE)
    (attr smd)
    (fp_text reference C45 (at 0 -1.43 135) (layer F.SilkS) hide
      (effects (font (size 1 1) (thickness 0.15)))
    )
    (fp_text value 4.7uF (at 0 1.43 135) (layer F.Fab)
      (effects (font (size 1 1) (thickness 0.15)))
    )
    (fp_line (start 1.48 0.73) (end -1.48 0.73) (layer F.CrtYd) (width 0.05))
    (fp_line (start 1.48 -0.73) (end 1.48 0.73) (layer F.CrtYd) (width 0.05))
    (fp_line (start -1.48 -0.73) (end 1.48 -0.73) (layer F.CrtYd) (width 0.05))
    (fp_line (start -1.48 0.73) (end -1.48 -0.73) (layer F.CrtYd) (width 0.05))
    (fp_line (start -0.14058 0.51) (end 0.14058 0.51) (layer F.SilkS) (width 0.12))
    (fp_line (start -0.14058 -0.51) (end 0.14058 -0.51) (layer F.SilkS) (width 0.12))
    (fp_line (start 0.8 0.4) (end -0.8 0.4) (layer F.Fab) (width 0.1))
    (fp_line (start 0.8 -0.4) (end 0.8 0.4) (layer F.Fab) (width 0.1))
    (fp_line (start -0.8 -0.4) (end 0.8 -0.4) (layer F.Fab) (width 0.1))
    (fp_line (start -0.8 0.4) (end -0.8 -0.4) (layer F.Fab) (width 0.1))
    (fp_text user %R (at 0 0 135) (layer F.Fab)
      (effects (font (size 0.4 0.4) (thickness 0.06)))
    )
    (pad 2 smd roundrect (at 0.775 0 135) (size 0.9 0.95) (layers F.Cu F.Paste F.Mask) (roundrect_rratio 0.25)
      (net 2 GND))
    (pad 1 smd roundrect (at -0.775 0 135) (size 0.9 0.95) (layers F.Cu F.Paste F.Mask) (roundrect_rratio 0.25)
      (net 215 V_32_35))
    (model ${KISYS3DMOD}/Capacitor_SMD.3dshapes/C_0603_1608Metric.wrl
      (at (xyz 0 0 0))
      (scale (xyz 1 1 1))
      (rotate (xyz 0 0 0))
    )
  )

  (module Capacitor_SMD:C_0603_1608Metric (layer F.Cu) (tedit 5F68FEEE) (tstamp 60B8DD4B)
    (at 428.3965 71.628 135)
    (descr "Capacitor SMD 0603 (1608 Metric), square (rectangular) end terminal, IPC_7351 nominal, (Body size source: IPC-SM-782 page 76, https://www.pcb-3d.com/wordpress/wp-content/uploads/ipc-sm-782a_amendment_1_and_2.pdf), generated with kicad-footprint-generator")
    (tags capacitor)
    (path /60FDA723)
    (attr smd)
    (fp_text reference C11 (at 0 -1.43 135) (layer F.SilkS) hide
      (effects (font (size 1 1) (thickness 0.15)))
    )
    (fp_text value 4.7uF (at 0 1.43 135) (layer F.Fab)
      (effects (font (size 1 1) (thickness 0.15)))
    )
    (fp_line (start 1.48 0.73) (end -1.48 0.73) (layer F.CrtYd) (width 0.05))
    (fp_line (start 1.48 -0.73) (end 1.48 0.73) (layer F.CrtYd) (width 0.05))
    (fp_line (start -1.48 -0.73) (end 1.48 -0.73) (layer F.CrtYd) (width 0.05))
    (fp_line (start -1.48 0.73) (end -1.48 -0.73) (layer F.CrtYd) (width 0.05))
    (fp_line (start -0.14058 0.51) (end 0.14058 0.51) (layer F.SilkS) (width 0.12))
    (fp_line (start -0.14058 -0.51) (end 0.14058 -0.51) (layer F.SilkS) (width 0.12))
    (fp_line (start 0.8 0.4) (end -0.8 0.4) (layer F.Fab) (width 0.1))
    (fp_line (start 0.8 -0.4) (end 0.8 0.4) (layer F.Fab) (width 0.1))
    (fp_line (start -0.8 -0.4) (end 0.8 -0.4) (layer F.Fab) (width 0.1))
    (fp_line (start -0.8 0.4) (end -0.8 -0.4) (layer F.Fab) (width 0.1))
    (fp_text user %R (at 0 0 135) (layer F.Fab)
      (effects (font (size 0.4 0.4) (thickness 0.06)))
    )
    (pad 2 smd roundrect (at 0.775 0 135) (size 0.9 0.95) (layers F.Cu F.Paste F.Mask) (roundrect_rratio 0.25)
      (net 2 GND))
    (pad 1 smd roundrect (at -0.775 0 135) (size 0.9 0.95) (layers F.Cu F.Paste F.Mask) (roundrect_rratio 0.25)
      (net 3 +1V8))
    (model ${KISYS3DMOD}/Capacitor_SMD.3dshapes/C_0603_1608Metric.wrl
      (at (xyz 0 0 0))
      (scale (xyz 1 1 1))
      (rotate (xyz 0 0 0))
    )
  )

  (module Capacitor_SMD:C_0603_1608Metric (layer F.Cu) (tedit 5F68FEEE) (tstamp 60B8DD1B)
    (at 432.1815 67.7418 135)
    (descr "Capacitor SMD 0603 (1608 Metric), square (rectangular) end terminal, IPC_7351 nominal, (Body size source: IPC-SM-782 page 76, https://www.pcb-3d.com/wordpress/wp-content/uploads/ipc-sm-782a_amendment_1_and_2.pdf), generated with kicad-footprint-generator")
    (tags capacitor)
    (path /60FDAAF0)
    (attr smd)
    (fp_text reference C17 (at 0 -1.43 135) (layer F.SilkS) hide
      (effects (font (size 1 1) (thickness 0.15)))
    )
    (fp_text value 4.7uF (at 0 1.43 135) (layer F.Fab)
      (effects (font (size 1 1) (thickness 0.15)))
    )
    (fp_line (start -0.8 0.4) (end -0.8 -0.4) (layer F.Fab) (width 0.1))
    (fp_line (start -0.8 -0.4) (end 0.8 -0.4) (layer F.Fab) (width 0.1))
    (fp_line (start 0.8 -0.4) (end 0.8 0.4) (layer F.Fab) (width 0.1))
    (fp_line (start 0.8 0.4) (end -0.8 0.4) (layer F.Fab) (width 0.1))
    (fp_line (start -0.14058 -0.51) (end 0.14058 -0.51) (layer F.SilkS) (width 0.12))
    (fp_line (start -0.14058 0.51) (end 0.14058 0.51) (layer F.SilkS) (width 0.12))
    (fp_line (start -1.48 0.73) (end -1.48 -0.73) (layer F.CrtYd) (width 0.05))
    (fp_line (start -1.48 -0.73) (end 1.48 -0.73) (layer F.CrtYd) (width 0.05))
    (fp_line (start 1.48 -0.73) (end 1.48 0.73) (layer F.CrtYd) (width 0.05))
    (fp_line (start 1.48 0.73) (end -1.48 0.73) (layer F.CrtYd) (width 0.05))
    (fp_text user %R (at 0 0 135) (layer F.Fab)
      (effects (font (size 0.4 0.4) (thickness 0.06)))
    )
    (pad 1 smd roundrect (at -0.775 0 135) (size 0.9 0.95) (layers F.Cu F.Paste F.Mask) (roundrect_rratio 0.25)
      (net 3 +1V8))
    (pad 2 smd roundrect (at 0.775 0 135) (size 0.9 0.95) (layers F.Cu F.Paste F.Mask) (roundrect_rratio 0.25)
      (net 2 GND))
    (model ${KISYS3DMOD}/Capacitor_SMD.3dshapes/C_0603_1608Metric.wrl
      (at (xyz 0 0 0))
      (scale (xyz 1 1 1))
      (rotate (xyz 0 0 0))
    )
  )

  (module Capacitor_SMD:C_0603_1608Metric (layer F.Cu) (tedit 5F68FEEE) (tstamp 60B8DCEB)
    (at 420.9055 79.0467 135)
    (descr "Capacitor SMD 0603 (1608 Metric), square (rectangular) end terminal, IPC_7351 nominal, (Body size source: IPC-SM-782 page 76, https://www.pcb-3d.com/wordpress/wp-content/uploads/ipc-sm-782a_amendment_1_and_2.pdf), generated with kicad-footprint-generator")
    (tags capacitor)
    (path /60FD9FF2)
    (attr smd)
    (fp_text reference C5 (at 0 -1.43 135) (layer F.SilkS) hide
      (effects (font (size 1 1) (thickness 0.15)))
    )
    (fp_text value 4.7uF (at 0 1.43 135) (layer F.Fab)
      (effects (font (size 1 1) (thickness 0.15)))
    )
    (fp_line (start -0.8 0.4) (end -0.8 -0.4) (layer F.Fab) (width 0.1))
    (fp_line (start -0.8 -0.4) (end 0.8 -0.4) (layer F.Fab) (width 0.1))
    (fp_line (start 0.8 -0.4) (end 0.8 0.4) (layer F.Fab) (width 0.1))
    (fp_line (start 0.8 0.4) (end -0.8 0.4) (layer F.Fab) (width 0.1))
    (fp_line (start -0.14058 -0.51) (end 0.14058 -0.51) (layer F.SilkS) (width 0.12))
    (fp_line (start -0.14058 0.51) (end 0.14058 0.51) (layer F.SilkS) (width 0.12))
    (fp_line (start -1.48 0.73) (end -1.48 -0.73) (layer F.CrtYd) (width 0.05))
    (fp_line (start -1.48 -0.73) (end 1.48 -0.73) (layer F.CrtYd) (width 0.05))
    (fp_line (start 1.48 -0.73) (end 1.48 0.73) (layer F.CrtYd) (width 0.05))
    (fp_line (start 1.48 0.73) (end -1.48 0.73) (layer F.CrtYd) (width 0.05))
    (fp_text user %R (at 0 0 135) (layer F.Fab)
      (effects (font (size 0.4 0.4) (thickness 0.06)))
    )
    (pad 1 smd roundrect (at -0.775 0 135) (size 0.9 0.95) (layers F.Cu F.Paste F.Mask) (roundrect_rratio 0.25)
      (net 3 +1V8))
    (pad 2 smd roundrect (at 0.775 0 135) (size 0.9 0.95) (layers F.Cu F.Paste F.Mask) (roundrect_rratio 0.25)
      (net 2 GND))
    (model ${KISYS3DMOD}/Capacitor_SMD.3dshapes/C_0603_1608Metric.wrl
      (at (xyz 0 0 0))
      (scale (xyz 1 1 1))
      (rotate (xyz 0 0 0))
    )
  )

  (module Capacitor_SMD:C_0603_1608Metric (layer F.Cu) (tedit 5F68FEEE) (tstamp 60B8DCBB)
    (at 424.6495 75.2856 135)
    (descr "Capacitor SMD 0603 (1608 Metric), square (rectangular) end terminal, IPC_7351 nominal, (Body size source: IPC-SM-782 page 76, https://www.pcb-3d.com/wordpress/wp-content/uploads/ipc-sm-782a_amendment_1_and_2.pdf), generated with kicad-footprint-generator")
    (tags capacitor)
    (path /60FDE303)
    (attr smd)
    (fp_text reference C6 (at 0 -1.43 135) (layer F.SilkS) hide
      (effects (font (size 1 1) (thickness 0.15)))
    )
    (fp_text value 4.7uF (at 0 1.43 135) (layer F.Fab)
      (effects (font (size 1 1) (thickness 0.15)))
    )
    (fp_line (start -0.8 0.4) (end -0.8 -0.4) (layer F.Fab) (width 0.1))
    (fp_line (start -0.8 -0.4) (end 0.8 -0.4) (layer F.Fab) (width 0.1))
    (fp_line (start 0.8 -0.4) (end 0.8 0.4) (layer F.Fab) (width 0.1))
    (fp_line (start 0.8 0.4) (end -0.8 0.4) (layer F.Fab) (width 0.1))
    (fp_line (start -0.14058 -0.51) (end 0.14058 -0.51) (layer F.SilkS) (width 0.12))
    (fp_line (start -0.14058 0.51) (end 0.14058 0.51) (layer F.SilkS) (width 0.12))
    (fp_line (start -1.48 0.73) (end -1.48 -0.73) (layer F.CrtYd) (width 0.05))
    (fp_line (start -1.48 -0.73) (end 1.48 -0.73) (layer F.CrtYd) (width 0.05))
